4294967294,1007
4294967294,1006
4294967294,1005
4294967294,1004
4294967294,1003
4294967294,1002
4294967294,1001
4294967294,1000
4294967294,999
4294967294,998
4294967294,997
4294967294,996
4294967294,995
4294967294,994
4294967294,993
4294967294,992
4294967294,991
4294967294,990
4294967294,989
4294967294,988
4294967294,987
4294967294,986
4294967294,398
4294967294,985
4294967294,176
4294967294,984
4294967294,333
4294967294,1027
4294967294,1026
4294967294,1025
4294967294,397
4294967294,1024
4294967294,983
4294967294,982
4294967294,396
4294967294,981
4294967294,980
4294967294,979
4294967294,395
4294967294,978
4294967294,977
4294967294,976
4294967294,975
4294967294,394
4294967294,974
4294967294,973
4294967294,972
4294967294,342
4294967294,971
4294967294,393
4294967294,970
4294967294,331
4294967294,969
4294967294,968
4294967294,392
4294967294,967
4294967294,966
4294967278,273
4294967294,391
4294967279,272
4294967294,965
4294967294,964
4294967278,272
4294967279,271
4294967294,390
4294967294,963
4294967278,271
4294967279,270
4294967278,270
4294967279,269
4294967278,269
4294967279,268
4294967294,962
4294967278,268
4294967279,267
4294967278,267
4294967279,266
4294967278,266
4294967294,961
4294967279,265
4294967278,265
4294967294,960
4294967279,264
4294967278,264
4294967279,263
4294967294,831
4294967278,263
4294967279,262
4294967278,262
4294967279,261
4294967279,260
4294967278,261
4294967278,260
4294967279,259
4294967278,259
4294967294,830
4294967279,258
4294967294,829
4294967294,828
4294967278,258
4294967279,257
4294967278,257
4294967279,256
4294967278,256
4294967279,255
4294967278,255
4294967278,254
4294967278,253
4294967278,252
4294967279,254
4294967278,251
4294967279,253
4294967279,252
4294967279,251
4294967279,250
4294967279,249
4294967278,250
1,4
1,3
1,2
1,1
1,0
4294967279,248
4294967278,249
4294967279,247
4294967278,248
4294967279,246
4294967278,247
4294967279,245
4294967279,244
4294967279,243
4294967279,242
4294967294,827
4294967294,826
4294967294,825
4294967294,824
4294967294,823
4294967294,822
4294967294,817
4294967294,821
4294967294,820
4294967294,818
4294967294,819
4294967294,777
4294967294,816
4294967294,815
4294967294,925
4294967294,924
4294967294,923
4294967294,922
4294967294,921
4294967294,920
4294967294,919
4294967294,918
4294967294,917
4294967294,916
4294967294,915
4294967294,914
4294967294,913
4294967294,912
4294967294,911
4294967294,910
4294967294,909
4294967294,908
4294967294,907
4294967294,906
4294967294,905
4294967294,904
4294967294,814
4294967294,799
4294967294,813
4294967294,798
4294967294,903
4294967294,902
4294967294,901
4294967294,900
4294967294,899
4294967294,898
4294967294,897
4294967294,896
4294967294,812
4294967294,811
4294967294,810
4294967294,809
4294967294,808
4294967294,807
4294967294,806
4294967294,805
4294967294,804
4294967294,803
4294967294,802
4294967294,801
4294967294,800
4294967294,773
4294967294,797
4294967294,796
4294967294,795
4294967294,794
4294967294,793
4294967294,792
4294967294,791
4294967294,790
4294967294,789
4294967294,788
4294967294,787
4294967294,786
4294967294,785
4294967294,784
4294967294,783
4294967294,782
4294967294,781
4294967294,780
4294967294,779
4294967279,241
4294967294,778
4294967294,776
4294967279,240
4294967294,775
4294967294,774
4294967294,772
4294967294,869
4294967294,868
4294967294,867
4294967294,866
4294967294,865
4294967294,771
4294967294,768
4294967294,864
4294967278,246
4294967294,863
4294967294,862
4294967294,861
4294967294,860
4294967294,859
4294967294,858
4294967294,857
4294967294,770
4294967294,499
4294967294,856
4294967294,855
4294967294,854
4294967294,853
4294967294,852
4294967294,851
4294967294,850
4294967294,849
4294967294,848
4294967294,847
4294967294,846
4294967294,845
4294967294,844
4294967294,769
4294967294,478
4294967294,843
4294967294,842
4294967294,841
4294967294,840
4294967294,839
4294967294,838
4294967294,837
4294967294,836
4294967294,835
4294967294,133
4294967294,834
4294967294,833
4294967294,832
4294967294,767
4294967294,766
4294967294,765
4294967294,764
4294967294,763
4294967294,762
4294967294,128
4294967294,761
4294967294,760
4294967294,759
4294967294,496
4294967294,758
4294967294,757
4294967294,756
4294967294,755
4294967294,754
4294967294,753
4294967294,752
4294967294,751
4294967294,750
4294967294,749
4294967294,748
4294967294,501
4294967294,747
4294967294,746
4294967294,745
4294967294,744
4294967294,743
4294967294,742
4294967294,741
4294967294,740
4294967294,739
4294967294,738
4294967294,737
4294967294,736
4294967294,735
4294967294,734
4294967294,733
4294967294,732
4294967294,731
4294967294,730
4294967294,729
4294967294,477
4294967294,728
4294967294,727
4294967294,726
4294967294,725
4294967294,724
4294967294,723
4294967294,722
4294967294,509
4294967294,721
4294967294,720
4294967294,719
4294967294,718
4294967294,717
4294967278,245
4294967294,716
4294967294,715
4294967294,714
4294967294,713
4294967294,712
4294967294,711
4294967294,710
4294967294,709
4294967294,708
4294967294,707
4294967294,706
4294967294,705
4294967294,704
4294967294,703
4294967294,702
4294967294,701
4294967294,700
4294967294,699
4294967294,698
4294967294,697
4294967294,511
4294967294,507
4294967294,696
4294967294,695
4294967294,694
4294967294,693
4294967294,692
4294967294,691
4294967294,690
4294967294,689
4294967294,688
4294967294,687
4294967294,686
4294967294,510
4294967294,490
4294967294,685
4294967294,684
4294967294,505
4294967294,508
4294967294,683
4294967294,682
4294967294,681
4294967294,680
4294967294,679
4294967294,678
4294967294,677
4294967294,676
4294967294,675
4294967294,674
4294967294,673
4294967294,672
4294967294,671
4294967294,670
4294967294,669
4294967294,668
4294967294,667
4294967294,666
4294967294,665
4294967294,664
4294967294,663
4294967294,662
4294967294,661
4294967294,660
4294967294,659
4294967294,658
4294967294,657
4294967294,656
4294967294,655
4294967294,654
4294967294,653
4294967294,652
4294967294,651
4294967294,650
4294967294,649
4294967294,648
